93.628998
178.798065
358.071991
674.966492
1503.208496
15750.625977
2343.198486
1174.366821
810.250854
629.795898
520.781189
447.194061
393.878235
353.322113
321.364655
295.508331
274.160614
256.256470
241.056549
228.033051
216.798508
207.065948
198.619186
191.294617
184.970047
179.555344
174.987991
171.228058
168.257263
166.078400
164.714615
164.211075
164.637772
166.093552
168.710938
172.665390
178.185196
185.569504
195.212296
207.638443
223.561279
243.973511
270.298767
304.654388
350.335571
412.765778
501.549744
635.453735
856.728943
1284.497192
2435.060547
15151.546875
3938.779053
1824.912476
1225.943726
946.205322
786.491882
685.052124
616.534729
568.671997
534.866821
511.323547
495.786957
486.929443
484.049957
486.929443
495.786957
511.323547
534.866821
568.671997
616.534729
685.052124
786.491882
946.205322
1225.943726
1824.912476
3938.779053
15151.546875
2435.060547
1284.497192
856.728943
635.453735
501.549744
412.765778
350.335571
304.654388
270.298767
243.973511
223.561279
207.638443
195.212296
185.569504
178.185196
172.665390
168.710938
166.093552
164.637772
164.211075
164.714615
166.078400
168.257263
171.228058
174.987991
179.555344
184.970047
191.294617
198.619186
207.065948
216.798508
228.033051
241.056549
256.256470
274.160614
295.508331
321.364655
353.322113
393.878235
447.194061
520.781189
629.795898
810.250854
1174.366821
2343.198486
15750.625977
1503.208496
674.966492
358.071991
178.798065
